100 10 100 10 20 200 50 10 
100 10 100 10 20 200 50 50 
100 10 100 10 20 200 50 50 
100 10 10 50 20 200 10 50 
100 10 10 50 20 200 10 50 
20 20 20 50 20 200 10 200 
20 20 20 50 20 200 10 200 
20 20 20 50 20 300 10 50 
20 20 20 50 20 200 20 20 
20 20 20 50 20 200 20 20 
20 20 20 50 20 200 20 20 
20 20 20 50 20 200 20 20 
20 20 20 50 20 200 20 20 
20 20 20 50 20 200 20 20 
20 20 20 50 20 200 20 20 
20 20 20 50 20 200 20 20 
20 20 20 50 20 200 20 20 
20 20 20 50 20 200 20 20 
20 20 20 50 20 200 20 20 
20 20 20 50 20 200 20 20 
20 20 20 50 20 200 20 20 
20 20 20 50 20 200 20 20 
20 20 20 50 20 200 20 20 
20 20 20 50 20 200 20 20 
20 20 20 50 20 200 20 20 
20 20 20 50 20 200 20 20 
20 20 20 50 20 200 20 20 
20 20 20 50 20 200 20 20 
20 20 20 50 20 200 20 20 
20 20 20 50 20 200 20 20 
