50 10 100 20 50 20 300 10 
50 10 20 20 50 20 300 10 
50 50 20 20 100 50 300 50 
20 20 20 50 100 20 300 10 
20 20 20 50 100 20 200 10 
20 20 20 50 100 20 200 10 
20 20 50 10 50 20 200 20 
20 20 50 10 50 20 200 20 
20 20 50 10 50 20 200 20 
20 20 50 10 50 20 200 20 
20 20 20 50 50 20 300 20 
20 20 20 50 50 20 300 20 
20 20 50 50 50 20 200 20 
20 20 50 50 50 20 200 20 
20 20 20 50 50 20 200 20 
20 20 20 50 50 20 200 20 
20 20 20 50 50 20 200 20 
20 20 20 50 50 20 200 20 
20 20 20 50 50 20 200 20 
20 20 20 50 50 20 200 20 
20 20 20 50 50 20 200 20 
20 20 20 50 50 20 200 20 
20 20 20 50 50 20 200 20 
20 20 20 50 20 20 200 20 
20 20 20 50 20 20 200 20 
20 20 20 50 20 20 200 20 
20 20 20 50 20 20 200 20 
20 20 20 50 20 20 200 20 
20 20 20 50 20 20 200 20 
20 20 20 50 20 20 200 20 
